A
0.497463
100
0.990885
-0.909697
0.487940
-0.550414
0.054620
-0.242712
0.052249
0.099708
-0.219491
-0.160123
-0.068979
0.093258
-0.098344
0.018580
0.171516
0.138595
0.099039
-0.062242
0.015039
-0.067805
-0.088085
-0.043198
0.021055
0.199752
-0.007057
-0.112501
-0.081973
-0.148229
-0.110004
-0.126634
-0.144144
-0.047681
-0.010446
0.010359
0.038369
0.052584
0.046406
0.022668
0.048735
0.064028
0.064644
0.082654
0.103313
0.032992
-0.000809
0.004894
-0.029076
-0.051211
-0.033081
-0.049130
-0.045868
-0.033768
0.022597
0.027270
-0.002222
-0.005319
-0.013829
-0.019789
-0.017217
-0.013023
0.036871
0.053410
0.049709
0.025693
0.026395
0.003133
0.007495
0.012969
-0.005524
-0.010303
0.024167
0.027681
0.018731
-0.015738
-0.031254
-0.017571
-0.021101
-0.011851
-0.007517
0.016700
0.019310
-0.016472
-0.029850
-0.024383
-0.026563
-0.019001
-0.007875
-0.014046
-0.019635
-0.007602
-0.000412
-0.008228
-0.023651
-0.029237
-0.015982
0.009685
0.018710
0.010289
0.019469
0.022541
