E
0.725772
100
0.989451
-0.872175
0.409226
-0.355725
0.156376
-0.120326
0.090646
-0.025709
-0.066523
0.073116
-0.152421
0.012771
0.036427
-0.009052
-0.153162
-0.009351
0.052207
0.010059
-0.061157
-0.137205
-0.080746
-0.077408
-0.015394
-0.029377
-0.019829
-0.050860
0.001911
-0.006273
-0.036429
-0.079021
-0.072589
-0.057496
-0.061376
-0.023484
0.043867
0.076499
0.073378
0.110169
0.053040
0.032399
0.024395
0.084486
0.085015
0.012828
-0.003940
-0.005427
0.005610
-0.019105
-0.021942
-0.033172
-0.006568
0.011390
0.000449
0.002615
-0.016571
-0.024105
0.006071
0.002019
-0.016137
-0.004207
0.012090
0.018727
0.004544
-0.011834
0.002050
-0.000194
-0.029600
-0.014750
0.010754
0.003205
0.011015
0.007365
-0.001068
-0.005772
-0.017044
-0.020663
-0.007259
-0.012969
-0.000561
0.004438
0.005903
0.002030
0.001181
0.005442
0.000490
-0.012453
-0.020288
-0.024648
-0.019641
-0.010506
-0.011303
-0.014917
-0.020515
-0.017744
-0.007340
-0.012205
-0.007021
-0.006035
-0.003977
-0.004505
