I
1.000000
100
0.975315
-0.837311
0.524239
-0.445638
0.450867
0.069923
0.176600
0.135235
0.072938
-0.036808
-0.106141
-0.014638
0.087794
0.068823
0.046458
0.079673
0.021023
-0.108498
-0.129821
-0.146379
-0.086631
-0.082786
-0.126847
-0.132151
-0.076409
-0.000208
-0.060310
-0.058651
-0.101651
-0.058107
-0.048807
-0.024830
-0.085943
-0.053210
0.006524
-0.031916
0.017011
0.040246
0.038448
0.074253
0.059155
0.098204
0.058917
0.076443
0.047471
0.017443
-0.048401
-0.069744
-0.019969
-0.001684
-0.016289
-0.007479
-0.008207
-0.022918
-0.013970
-0.028219
-0.057326
-0.064356
-0.031361
-0.038110
-0.040621
0.007648
0.017414
-0.005036
-0.045999
-0.040776
-0.012200
-0.006715
-0.019538
-0.005818
0.004070
0.021812
0.012435
0.014298
-0.013694
-0.012534
-0.008473
-0.006882
-0.009257
-0.018104
-0.015333
0.012009
0.011894
0.006036
-0.008942
-0.020306
-0.025527
0.002460
-0.000079
-0.006998
-0.022936
-0.010497
0.003157
0.003933
0.010624
0.012081
0.003859
-0.010367
-0.005530
-0.004688
