K
0.164002
100
0.972628
-0.795747
0.377455
-0.449768
0.357894
-0.330309
0.149723
-0.107147
0.025423
-0.135100
0.032268
0.070789
0.090176
0.152840
-0.009960
-0.010113
0.006321
0.049658
-0.107251
-0.061597
0.008739
-0.193354
-0.073243
-0.007086
-0.030716
0.057926
-0.050493
-0.074515
0.053312
-0.006473
-0.048251
0.005506
-0.036353
-0.015695
-0.039041
-0.100631
-0.057457
-0.034843
0.010003
-0.040199
-0.100855
-0.026897
-0.028042
-0.024757
0.013314
-0.007281
0.010571
0.031286
0.016973
0.025773
-0.019144
-0.067036
-0.024816
-0.021211
0.024210
0.061962
-0.007829
-0.001382
-0.005673
0.005792
0.058041
0.002277
-0.008544
-0.004337
-0.043252
0.000919
-0.009530
-0.077384
-0.052640
-0.028375
-0.026868
-0.002248
0.008561
-0.001967
-0.027772
-0.022343
0.003502
0.000256
-0.012636
-0.029695
-0.035124
-0.013987
-0.012084
-0.045943
-0.048424
-0.039037
-0.043949
-0.015964
0.008880
0.016055
-0.004046
-0.035945
-0.008116
0.003266
-0.018731
-0.003650
-0.011776
-0.018591
0.009929
-0.005222
