L
0.254525
100
0.996144
-0.963370
0.488350
-0.468479
-0.026390
-0.098071
-0.118777
-0.009650
-0.172347
-0.172138
0.046794
-0.017311
-0.164074
0.067868
0.253903
0.180851
0.084948
0.010980
-0.024114
-0.012708
-0.006273
0.042831
0.114078
0.106218
0.070679
-0.002340
-0.086645
-0.120851
-0.138178
-0.168725
-0.165679
-0.117929
-0.045615
-0.030532
-0.047111
-0.044434
-0.019595
-0.006544
0.005128
0.060532
0.108811
0.123442
0.108407
0.042966
-0.003596
0.019959
0.035403
-0.002455
-0.046535
-0.044823
-0.021053
-0.006113
-0.009920
-0.027351
-0.032479
-0.021995
-0.013166
-0.004958
0.007716
-0.011513
-0.050045
-0.037599
0.000225
0.012422
0.008514
0.006047
0.001367
-0.016846
-0.027720
-0.026148
-0.025478
-0.015409
0.008698
0.014198
0.002815
0.003720
0.004529
-0.001148
0.000219
0.012021
0.025956
0.038628
0.038526
0.014249
-0.016443
-0.030321
-0.024486
-0.019563
-0.019400
-0.013400
-0.001110
0.002781
-0.005565
-0.007733
-0.001066
-0.003869
-0.006069
-0.005920
-0.002800
0.000871
