M
0.347358
100
0.997561
-0.888943
0.533989
-0.318126
0.236891
-0.007011
0.142782
-0.058380
-0.067365
-0.116024
-0.082442
0.131975
-0.013293
-0.112477
-0.127068
-0.087413
-0.027447
-0.151224
-0.139158
-0.047620
-0.104152
-0.056167
0.078291
0.069096
0.090050
0.056768
-0.064977
-0.134326
-0.097655
-0.059041
-0.126106
-0.118530
-0.048014
-0.050706
-0.051261
-0.002136
0.022315
0.046750
0.043366
0.012727
0.023917
0.031118
0.012172
-0.024213
-0.040328
-0.015040
0.016712
-0.005037
-0.009614
0.041013
0.039405
0.023719
0.032882
0.014972
0.040427
0.031682
-0.011077
-0.015521
-0.015899
-0.069496
-0.080204
-0.033623
-0.027168
-0.023318
0.005214
0.042944
0.052284
0.011625
-0.010893
-0.001984
-0.014822
-0.008071
0.017351
0.026948
-0.004502
-0.035915
-0.037889
-0.028142
-0.009815
0.004281
0.014642
0.011201
0.010910
0.009612
-0.002267
-0.008678
-0.017042
-0.025654
-0.012745
-0.001508
-0.003691
0.019997
0.027254
-0.000703
-0.010906
-0.005838
0.001155
-0.000542
-0.006800
-0.006389
