N
0.311024
100
0.996368
-0.893665
0.655259
-0.285759
0.222593
-0.047820
-0.020829
-0.178682
-0.074323
0.114480
-0.045359
-0.045426
-0.085438
-0.083044
-0.021217
-0.096722
-0.014643
-0.139550
-0.084719
0.055405
-0.074374
-0.084742
0.052353
0.106537
0.022938
0.020538
0.033258
-0.099561
-0.149695
-0.059528
-0.057179
-0.033799
-0.068710
-0.091440
0.045538
0.083088
0.040516
-0.023211
-0.093550
-0.026293
0.045281
-0.026782
-0.016225
0.002290
-0.039646
-0.046559
-0.005530
0.032706
0.043120
0.026838
0.026912
0.029561
-0.036878
-0.075221
-0.025270
-0.013275
-0.034875
-0.027181
-0.029933
-0.023339
-0.021980
-0.040253
-0.026660
0.006008
-0.018835
-0.023376
-0.020037
-0.001671
0.024321
0.030728
0.034177
0.031269
0.023306
-0.022433
-0.058151
-0.036374
-0.010248
-0.006911
0.004095
0.000927
-0.010667
-0.013659
-0.021837
-0.007552
-0.012016
-0.027812
-0.025700
-0.006474
0.000837
-0.013844
-0.035322
-0.037883
0.002445
0.018363
0.004215
-0.005971
-0.000135
-0.004866
-0.015852
-0.021983
