O
0.352824
100
0.996380
-0.931214
0.443861
-0.583904
-0.031552
-0.320392
-0.151115
0.124231
-0.040987
-0.231721
-0.091124
0.195835
0.005932
-0.179996
-0.000292
0.108553
0.166710
0.169395
0.016839
-0.017432
-0.020519
-0.017351
0.015241
0.030249
0.004208
0.038310
0.037533
0.001686
-0.049871
-0.106146
-0.100384
-0.073715
-0.137356
-0.158935
-0.119916
-0.037659
-0.006648
-0.042252
-0.057586
0.004573
0.021542
0.063423
0.112520
0.112686
0.138784
0.108070
0.040832
0.011972
-0.037677
-0.043712
-0.027542
-0.039046
-0.063628
-0.065712
-0.018567
-0.003609
-0.028435
-0.027268
-0.014113
-0.011639
0.017102
0.011824
-0.008429
0.014625
0.005653
-0.014418
-0.013397
-0.014776
-0.015769
-0.000685
0.012654
0.002291
-0.014353
-0.018971
-0.001332
-0.004397
-0.025213
-0.014291
0.019213
0.035941
0.010341
-0.005595
-0.011343
-0.005744
-0.000107
-0.003662
-0.011129
-0.007419
0.004777
0.006220
-0.004215
-0.001912
-0.000082
-0.003508
-0.018865
-0.031680
-0.023085
-0.006968
-0.003105
-0.005769
