P
0.245747
100
0.907781
-0.738333
0.497178
-0.613230
0.288093
-0.405290
0.206819
-0.332208
0.133046
-0.300782
0.086139
-0.077121
0.023729
-0.028449
-0.046387
0.098310
-0.016439
-0.067250
-0.046108
0.085282
0.033425
0.038217
0.044968
0.006324
-0.012329
-0.024191
-0.016009
-0.006519
0.061612
0.011784
0.043630
0.044716
-0.015052
0.012225
-0.046954
-0.047205
-0.067228
-0.075901
-0.050847
-0.083770
-0.034461
-0.005750
-0.040487
-0.036558
-0.010096
-0.036203
-0.056250
-0.048989
-0.058359
-0.045029
-0.046179
-0.036554
-0.016085
-0.026788
-0.018651
-0.025987
-0.040184
-0.047911
-0.032784
-0.010226
-0.015689
-0.013169
0.002407
0.011665
0.005992
-0.001078
-0.018348
-0.028837
-0.014514
-0.016712
-0.003963
-0.009750
0.000920
0.002605
-0.032424
-0.001509
-0.008717
-0.027054
-0.006500
-0.018733
-0.001603
-0.012229
-0.010395
0.007247
-0.018592
0.005427
-0.006327
-0.030816
0.008065
-0.005124
-0.050230
-0.035192
0.006480
0.000276
-0.019269
0.006588
-0.007011
-0.030997
-0.016576
-0.002436
