T
0.539893
100
0.685804
-0.843087
0.397844
-0.373689
0.201161
-0.113037
-0.220239
-0.290013
-0.007771
-0.059436
-0.099133
-0.005593
0.068979
-0.033305
0.006630
0.076196
-0.019823
-0.012221
0.040489
-0.052175
-0.024325
-0.025019
0.018907
-0.056778
-0.010882
0.016708
0.011987
0.022740
0.070218
0.052691
0.024642
0.061967
0.083433
0.038282
0.033990
0.042030
0.055124
0.075530
0.018892
0.019330
0.045410
0.022128
0.023135
0.029900
0.010638
0.000175
-0.000414
-0.018609
-0.022021
-0.017888
-0.017929
-0.036892
-0.050761
-0.037547
-0.021975
-0.028986
-0.025995
-0.016256
-0.005180
0.001639
0.011744
-0.002098
0.003107
0.014228
0.013666
0.024226
0.018041
0.017547
0.005259
0.011906
0.007265
-0.011366
-0.006493
-0.006936
0.007174
0.016025
0.010927
0.021158
0.023960
0.027951
0.024706
0.022338
0.022730
0.020023
0.011312
0.005525
0.003506
0.002095
0.000064
-0.003034
-0.005303
-0.002364
0.004538
-0.005918
-0.010857
-0.003139
-0.009395
-0.002790
-0.001204
-0.005692
