U
0.587160
100
0.995562
-0.851077
0.407268
-0.475319
0.025716
-0.255915
0.038909
0.079812
0.060038
-0.010988
-0.064283
0.079954
0.069049
0.012801
-0.105276
-0.026439
0.038416
0.066580
0.017439
-0.113890
0.050068
0.034723
-0.012456
-0.022562
-0.051870
-0.064232
-0.075176
-0.088309
-0.087751
-0.114013
-0.090135
-0.062879
-0.044818
-0.046410
-0.094735
-0.053863
-0.031851
-0.029054
0.042508
0.055436
0.047841
0.045335
0.042920
0.049859
0.078848
0.086366
0.076706
0.046580
-0.022453
-0.031867
-0.070207
-0.081936
-0.047947
-0.072717
-0.079775
-0.031851
-0.032839
-0.056538
-0.012586
0.015297
0.023528
0.026091
-0.020035
-0.018571
-0.023826
-0.016596
0.007529
0.007407
-0.000658
0.005328
0.018673
0.026600
0.021870
0.005199
-0.001516
-0.003083
-0.005033
-0.019839
-0.039338
-0.034456
-0.051528
-0.026156
-0.012755
-0.054164
-0.036659
-0.034573
-0.042630
-0.032579
-0.033495
-0.002707
0.019563
0.008688
-0.003375
0.002103
0.011111
0.029370
0.022022
-0.006459
-0.016540
-0.032516
