V
0.618490
100
0.995100
-0.796362
0.190311
-0.285178
0.065474
0.005095
0.078974
0.019663
0.125218
-0.029418
-0.064451
-0.035825
-0.017242
0.003711
-0.021267
-0.031089
-0.033722
-0.025507
-0.017206
-0.022236
-0.029710
-0.047657
-0.042975
0.014597
0.059887
0.018628
-0.021521
-0.043927
-0.040209
-0.039407
-0.068200
-0.084032
-0.072799
-0.072979
-0.055872
-0.052381
-0.052353
-0.059577
-0.034381
-0.005031
0.034090
0.057659
0.066518
0.060809
0.049280
0.043443
0.028063
-0.013062
-0.042371
-0.040069
-0.029369
-0.004262
0.012002
0.011095
0.009234
-0.011924
-0.031503
-0.028009
-0.021541
-0.014071
-0.007258
-0.006655
0.002530
0.014445
0.008552
-0.002775
-0.013499
-0.013852
-0.009750
-0.012845
-0.015320
-0.008374
0.003078
0.004935
-0.000476
-0.007324
-0.005802
-0.006577
-0.009321
-0.017341
-0.027803
-0.027868
-0.021665
-0.019925
-0.019193
-0.017764
-0.012935
-0.011884
-0.015068
-0.012486
-0.007055
0.002674
0.010526
0.010213
-0.004922
-0.022637
-0.022166
-0.008707
0.005642
0.009995
