Z
0.897806
100
0.986424
-0.485140
0.746471
-0.276328
0.181766
-0.157183
-0.093063
-0.100730
-0.117220
-0.188327
-0.140522
-0.039769
0.107821
0.047928
-0.018500
-0.063252
-0.027560
-0.008901
-0.033822
-0.106739
-0.090733
-0.035814
0.048878
0.036052
0.037193
-0.017889
-0.032872
-0.092670
-0.105785
-0.108400
-0.086384
-0.076535
-0.071113
-0.086077
-0.087188
-0.082320
-0.037868
-0.008262
0.007969
0.011214
0.045426
0.083067
0.100937
0.082455
0.064034
0.058625
0.028358
-0.008372
-0.024379
-0.030187
-0.014172
0.010975
0.014359
0.001935
0.005245
0.027962
0.030752
-0.004260
-0.035822
-0.037379
-0.020121
-0.005895
-0.002018
0.007405
0.027422
0.028762
0.006782
-0.007004
-0.008568
-0.006095
-0.016069
-0.018237
-0.016512
-0.011131
-0.003150
-0.001504
-0.018233
-0.022797
-0.024066
-0.022828
-0.017554
-0.010892
-0.002489
0.000963
0.000393
-0.002624
-0.011030
-0.018893
-0.026405
-0.037591
-0.039074
-0.029005
-0.016296
-0.007650
0.000749
0.000343
-0.000869
-0.000153
0.004216
-0.004197
